[header]
width=60
height=20
tilewidth=16
tileheight=16
orientation=orthogonal

[tilesets]
tileset=../Images/tilesprite.png,16,16,0,0

[layer]
type=Tile Layer 1
data=
0,0,0,0,0,0,0,0,0,0,0,0,0,0,0,0,0,0,0,0,0,0,0,0,0,0,0,0,160,0,0,0,0,0,0,0,0,0,0,0,0,0,0,0,0,0,0,0,0,0,0,0,0,0,94,0,0,0,0,0,
0,135,136,0,0,0,0,0,0,0,0,0,0,0,0,0,0,0,0,0,0,0,0,0,0,0,0,0,160,0,0,0,0,0,0,0,0,0,0,0,0,0,0,0,0,0,0,0,0,0,0,74,75,76,77,0,0,0,0,0,
0,151,152,53,0,0,0,0,0,0,0,0,0,0,0,0,0,0,0,0,0,0,0,0,0,0,0,0,160,0,0,0,0,0,0,0,0,0,0,0,0,0,0,0,0,0,0,0,0,0,0,90,111,128,93,0,0,0,74,121,
0,158,140,140,158,140,0,0,0,0,0,0,0,0,0,0,0,0,0,0,0,160,160,160,160,160,160,160,160,0,0,0,0,0,0,0,0,0,0,0,0,0,0,0,0,0,0,0,0,0,0,106,108,108,109,0,94,74,105,107,
0,174,174,174,174,154,0,0,0,0,0,0,0,0,0,0,0,0,0,0,0,0,0,0,110,0,0,0,0,0,0,0,0,0,0,0,0,0,0,0,0,0,0,0,0,0,0,0,0,0,0,0,158,158,124,96,80,108,127,111,
0,174,174,174,174,154,0,0,0,0,0,0,0,0,0,0,0,0,160,160,0,0,0,0,126,0,0,0,0,0,0,0,0,158,158,0,0,0,0,0,0,0,0,0,0,0,0,0,0,0,0,0,0,0,0,0,0,0,0,89,
0,174,174,174,174,154,0,0,136,0,0,0,0,0,0,0,0,0,0,0,0,0,0,0,0,0,0,0,0,0,0,0,0,0,0,0,0,0,0,0,0,0,0,0,0,0,0,0,0,0,0,0,0,0,0,0,0,0,0,0,
0,110,174,174,174,158,158,158,158,158,158,158,0,0,160,160,0,0,0,0,0,0,0,0,0,0,0,0,0,0,0,0,0,0,0,0,0,0,0,0,0,0,0,0,0,0,0,0,0,0,0,0,0,0,0,0,0,0,0,0,
0,110,0,0,174,174,174,174,174,174,154,154,0,0,0,0,0,0,0,0,135,136,0,0,0,0,0,0,0,0,0,0,0,0,0,0,0,0,0,0,0,0,0,0,0,0,0,0,0,0,0,0,0,0,142,0,0,0,0,0,
0,126,0,0,174,174,174,174,174,174,154,154,117,118,119,0,0,0,0,0,151,152,0,0,0,0,158,158,158,0,0,0,142,0,0,0,160,160,0,0,0,0,0,0,0,0,0,0,0,0,0,0,0,0,142,0,0,0,0,0,
0,0,0,0,0,0,110,0,174,174,154,158,158,158,158,158,140,158,140,140,158,158,158,158,158,158,138,154,154,158,158,158,158,0,0,0,135,136,0,0,0,0,0,0,0,158,158,158,158,158,158,158,158,158,158,0,0,0,0,0,
0,0,0,0,0,0,126,0,174,174,174,174,174,174,174,174,174,174,174,174,174,174,174,174,174,174,174,174,174,174,154,174,154,158,0,0,151,152,0,0,0,0,0,0,158,158,154,154,154,154,154,154,154,154,154,0,0,0,0,0,
0,0,0,0,0,0,0,0,174,174,174,174,174,174,174,174,174,174,174,174,174,174,174,174,174,174,174,174,174,174,174,0,154,154,158,158,158,158,158,158,158,158,158,158,158,154,154,154,154,154,154,154,154,154,154,117,0,202,204,205,
0,0,0,0,0,0,0,0,0,0,0,0,110,110,0,0,0,0,0,0,0,0,0,0,0,0,110,110,0,0,0,0,154,154,154,154,154,154,154,154,154,154,154,154,154,154,154,154,154,154,154,154,154,154,154,158,0,218,99,221,
0,0,0,135,0,0,0,0,0,0,0,0,110,126,0,0,0,0,0,0,0,0,0,0,0,0,126,110,0,0,0,0,0,0,0,0,0,110,110,0,0,0,0,0,0,0,0,0,0,0,110,0,0,0,0,158,0,218,115,221,
0,0,0,151,0,0,0,0,0,0,0,0,110,0,0,0,0,0,0,0,0,0,0,0,0,0,0,110,0,0,0,0,0,0,0,0,0,126,110,0,0,0,0,0,0,0,0,0,0,0,110,0,0,0,0,158,158,158,158,158,
0,0,0,0,0,0,0,0,0,0,0,0,126,0,0,0,0,0,0,0,0,0,0,0,0,0,0,126,0,0,0,0,0,0,0,0,0,0,126,0,0,0,0,0,0,0,0,0,0,0,126,0,0,0,0,0,0,0,0,0,
0,0,0,0,0,0,0,0,135,136,0,0,0,0,0,0,0,0,0,0,0,0,0,0,0,0,0,0,0,0,135,136,0,0,0,0,0,0,135,136,0,0,0,0,0,0,0,0,0,0,0,0,0,0,0,0,0,0,0,0,
0,0,0,0,0,0,0,0,151,152,0,0,0,0,0,0,0,0,0,135,135,136,0,0,0,0,0,0,0,0,151,152,0,0,0,0,0,135,151,152,0,0,0,0,0,0,0,0,135,136,0,0,0,0,0,0,0,0,0,0,
0,0,0,0,0,0,0,0,0,0,0,0,0,0,0,0,0,0,0,151,151,152,0,0,0,0,0,0,0,0,0,0,0,0,0,0,0,151,151,152,0,0,0,0,0,0,0,0,151,152,0,0,0,0,0,0,0,0,0,0

[Object Layer 1]
type=ENEMY
location=17,9,1,1

[Object Layer 1]
type=ENEMY
location=23,9,1,1

[Object Layer 1]
type=ENEMY
location=35,11,1,1

[Object Layer 1]
type=ENEMY
location=42,11,1,1

[Object Layer 1]
type=ENEMY
location=49,9,1,1

[Object Layer 1]
type=ENEMY
location=52,9,1,1

[Object Layer 1]
type=ENEMY
location=26,1,1,1

[Object Layer 1]
type=PLAYER
location=2,2,1,1

